0.000000
0.693147
1.098612
1.386294
1.609438
1.791759
1.945910
2.079442
2.197225
2.302586
2.397897
2.484909
2.564952
2.639062
2.708056
2.772596
2.833222
2.890383
2.944452
2.995748
3.044541
3.091064
3.135520
3.178083
3.218909
3.258134
3.295879
3.332252
3.367348
3.401255
3.434051
3.465805
3.496583
3.526443
3.555437
3.583615
3.611021
3.637697
3.663681
3.689007
3.713708
3.737814
3.761353
3.784352
3.806834
3.828823
3.850339
3.871403
3.892032
3.912246
3.932059
3.951488
3.970548
3.989251
4.007612
4.025643
4.043355
4.060759
4.077866
4.094686
4.111228
4.127502
4.143515
4.159277
4.174795
4.190077
4.205129
4.219958
4.234571
4.248975
4.263174
4.277176
4.290984
4.304605
4.318044
4.331305
4.344393
4.357312
4.370067
4.382662
4.395101
4.407388
4.419526
4.431519
4.443371
4.455084
4.466662
4.478108
4.489426
4.500617
4.511684
4.522631
4.533461
4.544174
4.554775
4.565264
4.575646
4.585921
4.596092
4.606162
